Server created Successfully
0.9420554540926449
0.9420554540926449
0.9420554540926449
0.9420554540926449
0.9420554540926449
0.9420554540926449
0.00016603021749958492
0.9996679395650009
0.9754275278100615
0
0.0031358885017421603
0.0343205574912892
0.139198606271777
0.139198606271777
0
0.9420554540926449
0.6495102108583762
0.6745644599303136
0.9420554540926449
0.9420554540926449
0.1865833132964655
0.1863235644507982
0.1863235644507982
Wesley
[]
0.9420554540926449
0.05273224043715847
0.052474979713281036
0.9420554540926449
0.9420554540926449
0.9420554540926449
0.9420554540926449
0.9420554540926449
0.9420554540926449
0.9420554540926449
0.9420554540926449
0.9420554540926449
0.9420554540926449
0.9420554540926449
0.12394366197183099
0.42169014084507045
0.7202816901408451
0.9930985915492958
0.9998591549295774
0.9420554540926449
0.9420554540926449
0.9420554540926449
0.9420554540926449
0.9420554540926449
0.9420554540926449
0.9420554540926449
0.9420554540926449
0.9420554540926449
0
0
0
0
0
0
1
1
0.999670836076366
0.9754772876892692
0
0.10944700460829493
0.9420554540926449
0
0.9998804685632321
0.9992828113793928
0.9984460913220177
0.9974898398278748
0.9293569208701888
0.05068132918957686
0.6276595744680851
0
0.011833612240019125
0.0007171886206072197
0.00035859431030360985
0.00035859431030360985
0
0
0
0.00035859431030360985
0.9420554540926449
0.9420554540926449
0.9420554540926449
0
0.0007171886206072197
0.2442027253167583
0.9420554540926449
0.9420554540926449
0.9420554540926449
0.9420554540926449
0.9420554540926449
0.9420554540926449
0.9420554540926449
0.9420554540926449
0.9420554540926449
1
0.9048970901348474
0.9048970901348474
0.9420554540926449
0.9420554540926449
0.9420554540926449
0.9027679205110007
0.8956706884315118
